{
 "cells": [
  {
   "cell_type": "code",
   "execution_count": null,
   "metadata": {},
   "outputs": [
    {
     "name": "stdout",
     "output_type": "stream",
     "text": [
      "Total intra-class covariance matrix W :\n",
      "              LCB           LSM            LBM         LP           LM    \\\n",
      "LCB    70166.944444  36126.587302  7473.134921  2907.956349  2022.908730   \n",
      "LSM    36126.587302  20150.396825  1862.301587  1526.706349  1034.325397   \n",
      " LBM    7473.134921   1862.301587  7990.753968   482.718254   260.146825   \n",
      "LP      2907.956349   1526.706349   482.718254   204.831349   108.974206   \n",
      "LM      2022.908730   1034.325397   260.146825   108.974206    93.399603   \n",
      "LAM     2907.531746   1442.341270   513.103175   149.091270   115.103968   \n",
      "\n",
      "               LAM  \n",
      "LCB    2907.531746  \n",
      "LSM    1442.341270  \n",
      " LBM    513.103175  \n",
      "LP      149.091270  \n",
      "LM      115.103968  \n",
      "LAM     361.976984  \n",
      "\n",
      "\n",
      "\n",
      "Totatal Inter-calss covariance matrix (B):\n",
      "               LCB            LSM             LBM          LP            LM    \\\n",
      "LCB    188171.666667  135466.666667  51011.666667  60854.166667  26479.500000   \n",
      "LSM    135466.666667   97523.809524  36723.809524  43809.523810  19062.857143   \n",
      " LBM    51011.666667   36723.809524  13828.809524  16497.023810   7178.357143   \n",
      "LP      60854.166667   43809.523810  16497.023810  19680.059524   8563.392857   \n",
      "LM      26479.500000   19062.857143   7178.357143   8563.392857   3726.192857   \n",
      "LAM     43942.000000   31634.285714  11912.285714  14210.714286   6183.514286   \n",
      "\n",
      "                LAM  \n",
      "LCB    43942.000000  \n",
      "LSM    31634.285714  \n",
      " LBM   11912.285714  \n",
      "LP     14210.714286  \n",
      "LM      6183.514286  \n",
      "LAM    10261.371429  \n",
      "\n",
      "Total variance matrix (V):\n",
      "               LCB            LSM             LBM          LP            LM    \\\n",
      "LCB    258338.611111  171593.253968  58484.801587  63762.123016  28502.408730   \n",
      "LSM    171593.253968  117674.206349  38586.111111  45336.230159  20097.182540   \n",
      " LBM    58484.801587   38586.111111  21819.563492  16979.742063   7438.503968   \n",
      "LP      63762.123016   45336.230159  16979.742063  19884.890873   8672.367063   \n",
      "LM      28502.408730   20097.182540   7438.503968   8672.367063   3819.592460   \n",
      "LAM     46849.531746   33076.626984  12425.388889  14359.805556   6298.618254   \n",
      "\n",
      "                LAM  \n",
      "LCB    46849.531746  \n",
      "LSM    33076.626984  \n",
      " LBM   12425.388889  \n",
      "LP     14359.805556  \n",
      "LM      6298.618254  \n",
      "LAM    10623.348413  \n"
     ]
    }
   ],
   "source": [
    "import pandas as pd\n",
    "import numpy as np\n",
    "import matplotlib.pyplot as plt\n",
    "\n",
    "# Load the CSV file\n",
    "# Replace 'chienloup.csv' with the exact path to your file\n",
    "data = pd.read_csv('chienloup.csv', sep=';')\n",
    "\n",
    "# Extract quantitative and qualitative variables names\n",
    "quantitative_vars = data.columns[1:-1]  # Quantitative variables\n",
    "qualitative_var = data.columns[-1]     # Qualitative variable (e.g., category)\n",
    "\n",
    "# Group the data by the qualitative variable\n",
    "groups = data.groupby(qualitative_var)\n",
    "\n",
    "# Initialize a dictionary to store intra-class covariance matrices\n",
    "W_k_dict = {}\n",
    "\n",
    "# Initilize the intraclass variance matrix\n",
    "W = np.zeros((len(quantitative_vars), len(quantitative_vars)))\n",
    "\n",
    "# Compute W_k for each group as well as W\n",
    "for group_name, group in groups:\n",
    "    group_values = group[quantitative_vars].values\n",
    "    group_mean = np.mean(group_values, axis=0)\n",
    "    n_k = group_values.shape[0]  # Number of samples in the group\n",
    "    # Calculate W_k: intra-class covariance matrix\n",
    "    W_k = (group_values - group_mean).T @ (group_values - group_mean) / n_k\n",
    "    W_k_dict[group_name] = W_k  # Store each W_k with the corresponding group name\n",
    "    W += W_k * n_k\n",
    "\n",
    "W = W/data.shape[0]\n",
    "\n",
    "###(Bonus)############################################################################################################################\n",
    "# We compute and visualize the correlation matrix from the covariance matrix to interpret the values of the intra covariances\n",
    "#for group_name, W_k in W_k_dict.items():\n",
    "#    print(f\"Intra-class correlation matrix W_k for group '{group_name}':\")\n",
    "#    # Computation of the correlation matrix from the covariance matrix\n",
    "#    std_dev = np.sqrt(np.diag(W_k))  # Standard deviations\n",
    "#    correlation_matrix = W_k / np.outer(std_dev, std_dev)  # Normalize to get correlations\n",
    "#\n",
    "#    # Visualization of the correlation matrix\n",
    "#    plt.figure(figsize=(8, 6))\n",
    "#    plt.imshow(correlation_matrix, cmap=\"coolwarm\", vmin=-1, vmax=1)\n",
    "#    plt.colorbar(label=\"Correlation\")\n",
    "#    plt.xticks(ticks=range(len(quantitative_vars)), labels=quantitative_vars, rotation=45, ha=\"right\")\n",
    "#    plt.yticks(ticks=range(len(quantitative_vars)), labels=quantitative_vars)\n",
    "#    plt.title(\"Correlation Matrix Heatmap\")\n",
    "#    plt.tight_layout()\n",
    "#    plt.show()\n",
    "#\n",
    "####################################################################################################################################\n",
    "\n",
    "\n",
    "\n",
    "# Computation of inter-class covariance matrix (B), which measures variability between group means\n",
    "overall_mean = np.mean(data[quantitative_vars].values, axis=0)  # Overall mean vector\n",
    "B = np.zeros((len(quantitative_vars), len(quantitative_vars)))  # Initialize inter-class covariance matrix\n",
    "\n",
    "for name, group in groups:\n",
    "    group_size = len(group)  # Number of samples in the current group\n",
    "    group_mean = np.mean(group[quantitative_vars].values, axis=0)  # Mean vector of the group\n",
    "    diff = (group_mean - overall_mean).reshape(-1, 1)  # Difference vector reshaped as a column\n",
    "    B += group_size * (diff @ diff.T)  # Weighted outer product of the difference vector\n",
    "\n",
    "# Computation of total variance matrix (V) as the sum of intra-class (W) and inter-class (B) covariances\n",
    "V = W + B\n",
    "\n",
    "# Displaying intra-class (W), inter-class (B), and total variance (V) matrices\n",
    "print(f\"Total intra-class covariance matrix (W):\")\n",
    "print(pd.DataFrame(W, index=quantitative_vars, columns=quantitative_vars))\n",
    "print(\"\\n\")\n",
    "print(\"\\nTotal inter-class covariance matrix (B):\")\n",
    "print(pd.DataFrame(B, index=quantitative_vars, columns=quantitative_vars))\n",
    "print(\"\\nTotal variance matrix (V):\")\n",
    "print(pd.DataFrame(V, index=quantitative_vars, columns=quantitative_vars))"
   ]
  },
  {
   "cell_type": "markdown",
   "metadata": {},
   "source": [
    "Coumputation of V, B traces to compare intra-class and inter-class variances"
   ]
  },
  {
   "cell_type": "code",
   "execution_count": null,
   "metadata": {},
   "outputs": [],
   "source": []
  },
  {
   "cell_type": "markdown",
   "metadata": {},
   "source": [
    "Interpretation of V, W, B:\n",
    "We observe "
   ]
  }
 ],
 "metadata": {
  "kernelspec": {
   "display_name": ".venv",
   "language": "python",
   "name": "python3"
  },
  "language_info": {
   "codemirror_mode": {
    "name": "ipython",
    "version": 3
   },
   "file_extension": ".py",
   "mimetype": "text/x-python",
   "name": "python",
   "nbconvert_exporter": "python",
   "pygments_lexer": "ipython3",
   "version": "3.12.7"
  }
 },
 "nbformat": 4,
 "nbformat_minor": 2
}
